80 78
-36 -122
64 158
-189 51
-121 177
-149 70
157 38
-175 -149
78 -37
159 -69
165 -93
57 149
155 -54
-105 -54
47 29
123 -112
-38 188
-171 -57
-108 143
114 -192
-151 -97
-77 42
-31 30
154 -66
-102 -175
123 46
-192 145
-52 -98
-69 -121
-130 -101
146 99
66 67
-95 1
23 -173
153 -26
94 -190
-34 -58
119 74
-192 19
200 107
-23 162
109 -100
-34 -80
147 -81
-42 59
-123 -111
2 56
-3 157
-150 -134
126 -98
-3 -89
-1 -174
35 -95
38 104
-70 12
-126 -34
50 -199
-34 121
-56 118
28 -166
54 -88
148 -51
194 -33
-13 -152
-136 180
-11 -121
100 191
-177 -77
-124 -189
-51 -124
-175 -141
-73 -171
188 115
113 -60
27 -176
-18 13
-64 48
30 85
-155 22
48 123
161 135
82 -64
-178 86
20 180
-200 -146
7 23
-124 -113
122 124
65 -104
104 174
102 -25
74 40
144 148
147 47
-84 -17
-185 -57
200 158
-156 -66
-100 -47
3 -138
195 -125
-84 -130
-148 162
26 106
57 64
192 105
-5 -178
-101 25
-83 -137
-83 81
-181 177
195 -112
134 99
199 -91
112 -133
175 -8
48 -10
174 35
-22 -141
179 14
-62 -146
-58 5
-29 -35
-30 176
162 -100
-12 -178
-180 -168
123 78
-189 155
-27 -99
-79 95
100 -75
3 19
-55 115
-129 -95
198 -114
-76 37
-61 -51
-21 -76
-134 14
193 -7
-74 -9
48 6
-96 110
-52 -111
153 30
-148 -167
185 -83
-123 91
81 2
101 -183
54 69
109 26
20 80
179 -136
115 -52
-67 144
-185 84
-185 -112
16 105
66 -172
173 -182
23 -58
-115 -63
80 23
-41 73
-75 88
-199 95
93 145
134 101
-154 142
-187 -173
-124 -83
-151 -183
-18 35
125 -100
11 156
151 172
131 60
-130 -41
-176 -143
2 84
-8 31
-179 8
35 -160
114 -175
-24 -28
151 -29
49 -160
199 -165
-26 -72
-58 -184
-43 -163
-28 180
-100 -148
186 7
120 -58
-64 -92
99 86
-13 24
-94 121
106 108
68 -45
176 151
-33 -97
115 -37
-163 -12
110 93
-132 141
154 -71
-40 177
56 -198
-9 19
166 81
-192 -21
116 -106
-200 -8
-174 -18
76 -24
179 -68
175 155
-176 -104
156 -156
-116 -3
-65 -76
10 -110
50 -57
117 -110
177 128
53 153
144 -99
150 -18
-44 -55
175 89
140 -45
-44 185
163 185
186 -165
-59 -150
115 136
-66 -131
-71 24
-161 -108
-77 -127
-177 129
-155 23
-127 100
67 -57
-170 152
150 178
-145 146
-116 -174
-37 64
-44 -127
109 173
-180 197
-118 177
-181 -49
42 -157
-55 -186
-181 30
-28 -122
-173 88
-76 -61
-108 -162
131 -117
-11 -35
64 6
73 12
193 -86
-48 167
114 -41
-171 25
-18 155
87 191
93 -140
-130 187
122 -17
43 -88
-24 129
101 -121
-71 191
-78 -147
63 42
73 -25
-181 9
113 -178
121 40
171 69
-118 149
-41 -76
165 50
-82 145
-33 69
46 33
101 74
85 -63
5 -52
124 186
-15 144
170 -67
115 34
127 45
-167 83
-16 91
-108 144
59 -174
192 76
136 -123
-98 129
-196 -43
13 72
-87 185
179 -130
130 -136
16 148
-6 110
-41 -18
118 179
-18 177
194 -97
152 -56
48 117
136 166
18 -36
-9 -183
75 -7
-145 173
-66 36
61 94
-185 -51
-21 -26
-29 190
-2 36
-26 -125
86 110
121 -149
100 -145
-101 91
200 56
-47 -36
48 -46
-14 42
-66 32
115 -46
-76 -47
10 55
-31 -185
137 -31
-57 -46
117 69
-160 153
132 74
145 5
-93 167
-190 -123
45 -165
-167 22
-114 15
-69 181
174 164
115 168
-93 -30
-175 140
-35 82
94 51
130 126
102 42
-49 -64
-175 -102
-2 -116
-156 -86
-1 64
-45 -122
-75 -167
164 110
-155 32
92 -3
-23 -198
127 181
-32 -162
129 -184
-150 186
71 -130
-144 46
-29 59
-134 -158
-47 110
194 -4
-136 90
116 20
-40 -34
-184 46
-94 51
-9 -119
161 168
192 40
-13 97
69 31
-140 166
-141 4
-8 9
-191 -76
-145 -62
90 -198
40 -122
-190 -16
89 -137
124 173
-19 143
36 9
78 121
-58 76
-188 -162
61 -116
82 72
-36 -26
150 -135
182 -160
52 -193
-49 110
-158 17
79 -67
180 -49
153 187
-93 57
13 -31
35 110
120 70
-99 15
185 197
169 154
65 -30
62 -93
-10 -158
-173 18
-22 -32
-33 161
-146 2
-8 165
-200 3
181 9
128 176
168 171
82 115
-192 35
-145 112
53 11
94 -195
198 -111
27 170
-56 98
-5 -96
122 -3
58 -177
-139 81
122 -81
-164 138
53 129
47 68
-109 -78
-167 -169
102 -55
-88 -1
43 104
-146 84
41 -120
-66 -128
194 149
-174 38
190 98
-31 63
-137 24
-138 132
143 -73
176 -161
161 -195
91 32
86 157
53 122
-86 71
-57 -18
124 -95
133 -121
-182 109
-18 -104
-194 -151
-52 150
11 -54
83 -69
-181 11
12 162
32 164
165 -187
27 -148
-78 42
-28 -186
61 68
-72 41
-141 154
24 192
128 146
-65 29
-124 -197
136 97
-133 146
94 -160
89 -63
-19 -8
112 195
199 173
-57 108
38 -51
-87 94
-1 147
-136 -97
97 128
81 1
-39 3
5 44
-18 79
-35 -137
-137 99
137 162
-190 -7
38 36
-166 16
138 -52
-31 -37
71 -193
59 103
-129 8
-184 -128
-148 144
-166 113
128 -118
-43 -8
46 -10
125 -45
147 171
3 -25
194 -164
47 158
15 36
-66 24
89 89
32 -175
151 85
82 178
174 -193
-87 54
-68 -77
-162 23
23 200
25 -64
-141 123
-27 -78
163 85
-137 143
-114 -27
-55 46
60 -161
-179 44
-155 194
14 -22
-35 3
114 -35
-109 145
80 192
118 -58
-97 -35
-149 25
160 157
111 199
58 77
136 -4
138 -44
-21 61
98 100
10 -7
-96 88
-129 151
23 87
-137 132
-106 -194
-42 -46
55 -111
-110 172
165 86
71 70
-195 46
27 -109
168 4
-37 127
-29 -146
158 127
-191 30
-83 -7
-87 -144
194 -53
151 76
45 176
189 -122
130 -124
56 -38
77 -78
25 61
48 136
51 -104
-146 -32
11 -39
-186 178
67 169
25 147
-45 75
-36 -53
175 200
-33 -28
75 47
141 -127
98 -72
-101 -173
-104 -26
-49 -190
-106 102
128 132
-177 5
28 127
-131 143
-92 95
196 22
-50 -109
129 -89
-51 -80
-155 -56
-150 150
-75 77
186 67
48 -116
-107 -135
139 -131
37 -115
-185 143
-197 -51
151 -168
166 164
-192 82
129 144
-50 -169
-108 160
172 191
55 129
34 -140
-101 -39
176 49
80 -95
96 108
-69 -74
17 108
-141 175
-137 -52
-114 -191
132 -98
116 181
-24 48
-78 170
-145 -83
-137 -125
-173 176
65 -117
-139 -196
29 -1
-180 94
163 168
-60 -145
190 -139
-27 -186
17 -63
-131 -160
-37 -82
-183 -11
-106 6
149 -3
-102 87
-135 -171
-27 71
-71 67
85 -45
166 -44
63 103
34 -108
-16 90
28 82
-110 177
-175 -182
113 106
137 143
-59 86
-193 50
193 92
96 -171
117 70
-192 62
-70 -100
130 -44
176 -192
-179 -11
157 -133
188 126
-126 72
178 -70
-172 168
44 199
-27 -174
85 189
192 198
93 -67
156 -73
185 174
-115 42
168 -92
-116 172
200 -198
97 -83
-131 111
164 170
146 189
-16 24
178 -23
-18 -199
2 -100
-157 -40
-41 12
198 -171
-125 -46
-112 55
-18 -68
166 -150
117 -195
124 58
85 -4
-178 108
166 58
81 -175
-177 72
-78 -134
-152 149
28 125
169 -166
-40 -32
101 -99
-188 156
14 181
-70 -187
91 94
-194 158
-110 -90
55 110
180 72
-68 -164
-93 -189
139 -47
-153 -178
42 15
4 -153
126 16
-180 -3
-79 -94
66 46
196 -73
-26 -173
-24 -2
174 29
-48 -88
-98 1
-85 147
-144 41
-108 -152
154 -5
57 -163
29 95
-105 116
-54 139
46 176
166 53
-15 131
137 181
3 175
-10 199
50 -91
-15 32
173 -99
171 -131
196 -129
-107 -10
140 137
-88 1
-176 129
-169 9
-124 -19
67 -155
-116 -93
-149 136
107 -156
-16 -23
149 109
54 -13
25 19
-65 -161
36 -9
-133 -162
-18 -125
-66 -19
82 80
47 91
39 115
-78 -26
-139 -84
117 180
97 -89
32 53
-41 18
35 134
-189 161
-28 -86
-191 -197
-4 34
19 -195
-125 115
100 189
185 -17
-74 -101
-84 -87
-170 81
53 145
-159 180
191 -145
-35 -60
-4 -113
87 132
141 -13
-180 -73
-19 98
-30 38
-102 81
-92 91
-38 174
67 188
117 136
157 200
149 98
-99 -164
129 -21
-125 192
-9 -179
117 111
-199 84
108 34
146 154
145 47
68 95
105 -110
-117 -17
123 60
-161 -147
133 -151
-67 -86
-149 -150
60 84
126 -31
-36 4
63 134
13 168
120 124
137 174
159 106
139 93
25 195
-54 69
-28 -1
-42 49
-51 -51
-89 167
161 -172
-53 69
-200 -189
120 -21
-121 86
15 167
71 -120
-140 -115
-87 72
20 -151
22 171
18 -154
-39 -88
-94 145
129 -103
-38 33
162 64
-171 -177
129 23
51 -146
100 -196
-66 10
-6 -74
32 99
110 -198
145 -109
-186 -112
-173 -55
-175 46
77 -113
41 -168
90 -193
76 -159
165 -76
87 -98
117 195
-15 105
184 185
41 5
-35 -47
194 -176
35 126
-12 162
60 36
-90 -103
-21 -135
-99 50
-68 -20
-27 88
-43 -157
24 -75
-173 182
-191 -73
140 100
-80 -187
78 -134
44 -185
57 -129
194 79
-103 -40
88 -113
-114 -172
-195 -20
-94 -9
-48 -68
-160 -37
197 -49
-161 102
-22 -118
44 195
31 -168
132 186
-107 180
74 -160
38 2
-40 153
77 24
-104 183
103 -122
-45 -55
30 -18
143 -64
-25 95
79 170
-59 160
44 27
162 -5
200 -42
-173 78
-94 98
-53 -191
-186 63
39 -171
111 -138
-187 3
-132 -123
-65 -58
84 -190
65 50
47 23
-143 -199
-167 52
-20 -65
-164 123
-74 -22
84 -16
-98 -10
18 81
189 152
81 139
-61 -29
63 -103
11 142
184 106
32 51
164 133
-33 67
